      St Br  Gi  So  Oc  Ke  Re  Sc Th
 .00 .38 .34 .37 .67 .64 .75 .86 .85
 .38 .00 .28 .29 .45 .53 .57 .75 .76
 .34 .28 .00 .22 .53 .51 .57 .72 .74
 .37 .29 .22 .00 .45 .50 .56 .69 .71
 .67 .45 .53 .45 .00 .33 .29 .46 .46
 .64 .53 .51 .50 .33 .00 .23 .42 .41
 .75 .57 .57 .56 .29 .23 .00 .34 .32
 .86 .75 .72 .69 .46 .42 .34 .00 .21
 .85 .76 .74 .71 .46 .41 .32 .21 .00

